1.012000000000000052e-02 1.390745000000000076e+01 1.982500000000000095e-01
1.038000000000000034e-02 1.404959999999999987e+01 2.048000000000000098e-01
1.043000000000000003e-02 1.392479999999999940e+01 2.003500000000000003e-01
1.081999999999999976e-02 1.400859999999999950e+01 1.844500000000000028e-01
1.209000000000000005e-02 1.397910000000000075e+01 1.913999999999999868e-01
1.220000000000000077e-02 1.445659999999999989e+01 1.736999999999999933e-01
1.226000000000000006e-02 1.446739999999999959e+01 1.776500000000000024e-01
1.268000000000000030e-02 1.444860000000000078e+01 1.710000000000000131e-01
1.271000000000000081e-02 1.428110000000000035e+01 1.748999999999999999e-01
1.290999999999999960e-02 1.419030000000000058e+01 1.716000000000000025e-01
1.318000000000000074e-02 1.455605000000000082e+01 1.728500000000000036e-01
1.382000000000000069e-02 1.447835000000000072e+01 1.538499999999999868e-01
1.401999999999999948e-02 1.464804999999999957e+01 1.619500000000000106e-01
1.447000000000000022e-02 1.464080000000000048e+01 1.655500000000000027e-01
1.451000000000000033e-02 1.489705000000000013e+01 1.676499999999999935e-01
1.454000000000000084e-02 1.499535000000000018e+01 1.655999999999999972e-01
1.472000000000000045e-02 1.461580000000000013e+01 1.490499999999999881e-01
1.503999999999999955e-02 1.469914999999999949e+01 1.491000000000000103e-01
1.506000000000000047e-02 1.461930000000000085e+01 1.544500000000000040e-01
1.519999999999999997e-02 1.453545000000000087e+01 1.635000000000000064e-01
1.529999999999999936e-02 1.467050000000000054e+01 1.456000000000000072e-01
1.531000000000000069e-02 1.474934999999999974e+01 1.526000000000000134e-01
1.532000000000000028e-02 1.494860000000000078e+01 1.640500000000000014e-01
1.566999999999999990e-02 1.443069999999999986e+01 1.540499999999999925e-01
1.567999999999999949e-02 1.475890000000000057e+01 1.524999999999999967e-01
1.572000000000000133e-02 1.486115000000000030e+01 1.938999999999999890e-01
1.628999999999999893e-02 1.517684999999999995e+01 1.511500000000000066e-01
1.634999999999999995e-02 1.488310000000000066e+01 1.517999999999999905e-01
1.661999999999999936e-02 1.463119999999999976e+01 1.470499999999999863e-01
1.662999999999999895e-02 1.501384999999999970e+01 1.502499999999999947e-01
1.677999999999999978e-02 1.492684999999999995e+01 1.592500000000000027e-01
1.696999999999999897e-02 1.491334999999999944e+01 1.531000000000000139e-01
1.697999999999999857e-02 1.466970000000000063e+01 1.557999999999999940e-01
1.704999999999999918e-02 1.485645000000000060e+01 1.832000000000000017e-01
1.723999999999999838e-02 1.492939999999999934e+01 1.555999999999999883e-01
1.726000000000000104e-02 1.491559999999999953e+01 1.511000000000000121e-01
1.731999999999999859e-02 1.487180000000000035e+01 1.587000000000000077e-01
1.739999999999999880e-02 1.526595000000000013e+01 1.484999999999999931e-01
1.740999999999999839e-02 1.509999999999999964e+01 1.497999999999999887e-01
1.752000000000000085e-02 1.505579999999999963e+01 1.464999999999999913e-01
1.754000000000000004e-02 1.498409999999999975e+01 1.340999999999999970e-01
1.762999999999999984e-02 1.493539999999999957e+01 1.562000000000000055e-01
1.907999999999999974e-02 1.535340000000000060e+01 1.411499999999999977e-01
1.969999999999999876e-02 1.545454999999999934e+01 1.577999999999999958e-01
1.972000000000000142e-02 1.527645000000000053e+01 1.578499999999999903e-01
2.019999999999999921e-02 1.502285000000000004e+01 1.516500000000000070e-01
2.024000000000000105e-02 1.528679999999999950e+01 1.273499999999999910e-01
2.031000000000000166e-02 1.530564999999999998e+01 1.353000000000000036e-01
2.037999999999999881e-02 1.542955000000000076e+01 1.418500000000000039e-01
2.040000000000000147e-02 1.570669999999999966e+01 1.559999999999999998e-01
2.091000000000000150e-02 1.536594999999999978e+01 1.368000000000000049e-01
2.120000000000000009e-02 1.544660000000000011e+01 1.436999999999999944e-01
2.171000000000000013e-02 1.550200000000000067e+01 1.361499999999999932e-01
2.188999999999999974e-02 1.553084999999999916e+01 1.381000000000000005e-01
2.196999999999999995e-02 1.536744999999999983e+01 1.436000000000000054e-01
2.210000000000000159e-02 1.577950000000000053e+01 1.369499999999999884e-01
2.222999999999999976e-02 1.539179999999999993e+01 1.320500000000000007e-01
2.248999999999999957e-02 1.556975000000000087e+01 1.391000000000000014e-01
2.274999999999999939e-02 1.553480000000000061e+01 1.362500000000000100e-01
2.348000000000000087e-02 1.566264999999999930e+01 1.389499999999999902e-01
2.349000000000000046e-02 1.562359999999999971e+01 1.338000000000000023e-01
2.384000000000000008e-02 1.570129999999999981e+01 1.335000000000000075e-01
2.398000000000000131e-02 1.582390000000000008e+01 1.352500000000000091e-01
2.401000000000000009e-02 1.578645000000000032e+01 1.263499999999999901e-01
2.414000000000000173e-02 1.568035000000000068e+01 1.290999999999999925e-01
2.453999999999999931e-02 1.560009999999999941e+01 1.277999999999999969e-01
2.477000000000000035e-02 1.565930000000000000e+01 1.718000000000000083e-01
2.481999999999999831e-02 1.564995000000000047e+01 1.348499999999999976e-01
2.525000000000000161e-02 1.582815000000000083e+01 1.329500000000000126e-01
2.528999999999999998e-02 1.578960000000000008e+01 1.405000000000000138e-01
2.546999999999999958e-02 1.586575000000000024e+01 1.242000000000000048e-01
2.556999999999999898e-02 1.586069999999999958e+01 1.496000000000000107e-01
2.559000000000000163e-02 1.555139999999999922e+01 1.259000000000000119e-01
2.580000000000000002e-02 1.616479999999999961e+01 1.376000000000000001e-01
2.627000000000000168e-02 1.598385000000000034e+01 1.361999999999999877e-01
2.639000000000000026e-02 1.593304999999999971e+01 1.398999999999999966e-01
2.642999999999999863e-02 1.591835000000000022e+01 1.424999999999999878e-01
2.650999999999999884e-02 1.606745000000000090e+01 1.247999999999999943e-01
2.673000000000000029e-02 1.597104999999999997e+01 1.616499999999999881e-01
2.689000000000000071e-02 1.587545000000000073e+01 1.260000000000000009e-01
2.750999999999999973e-02 1.599779999999999980e+01 1.290999999999999925e-01
2.751999999999999932e-02 1.623594999999999899e+01 1.340999999999999970e-01
2.762999999999999831e-02 1.623454999999999870e+01 1.179000000000000048e-01
2.810999999999999957e-02 1.634649999999999892e+01 1.248500000000000026e-01
2.836999999999999938e-02 1.610439999999999827e+01 1.215500000000000053e-01
2.844999999999999959e-02 1.604785000000000039e+01 1.363999999999999935e-01
2.845999999999999919e-02 1.600509999999999877e+01 1.340500000000000025e-01
2.878000000000000003e-02 1.610835000000000150e+01 1.215500000000000053e-01
2.879999999999999921e-02 1.609165000000000134e+01 1.360500000000000043e-01
2.894000000000000045e-02 1.602684999999999960e+01 1.315999999999999948e-01
2.931999999999999884e-02 1.586480000000000068e+01 1.456999999999999962e-01
2.949999999999999845e-02 1.634380000000000166e+01 1.273499999999999910e-01
2.989999999999999949e-02 1.624129999999999896e+01 1.229999999999999982e-01
3.000999999999999848e-02 1.617330000000000112e+01 1.202499999999999958e-01
3.048000000000000015e-02 1.625294999999999845e+01 1.342000000000000137e-01
3.048999999999999974e-02 1.628725000000000023e+01 1.418999999999999984e-01
3.055000000000000077e-02 1.588935000000000031e+01 4.508499999999999730e-01
3.144000000000000267e-02 1.631895000000000095e+01 1.207499999999999962e-01
3.155000000000000165e-02 1.612790000000000035e+01 1.411499999999999977e-01
3.160999999999999921e-02 1.637359999999999971e+01 1.262500000000000011e-01
3.162999999999999839e-02 1.621965000000000146e+01 1.194500000000000006e-01
3.184000000000000025e-02 1.634224999999999994e+01 1.212499999999999967e-01
3.191000000000000086e-02 1.659205000000000041e+01 1.277500000000000024e-01
3.212000000000000272e-02 1.623614999999999853e+01 1.431000000000000050e-01
3.219999999999999946e-02 1.647200000000000131e+01 1.288999999999999868e-01
3.273000000000000215e-02 1.638429999999999964e+01 1.204999999999999960e-01
3.280000000000000276e-02 1.664085000000000036e+01 1.252500000000000002e-01
3.291999999999999788e-02 1.645200000000000173e+01 1.184999999999999942e-01
3.314000000000000279e-02 1.639225000000000065e+01 1.221499999999999947e-01
3.348000000000000281e-02 1.648019999999999996e+01 1.523500000000000132e-01
3.359000000000000180e-02 1.659355000000000047e+01 1.060999999999999999e-01
3.377999999999999753e-02 1.638795000000000002e+01 1.403000000000000080e-01
3.398999999999999938e-02 1.635135000000000005e+01 1.110499999999999959e-01
3.407999999999999918e-02 1.639975000000000094e+01 1.245499999999999940e-01
3.411000000000000143e-02 1.651500000000000057e+01 1.147999999999999993e-01
3.416000000000000286e-02 1.657564999999999955e+01 1.562999999999999945e-01
3.425999999999999879e-02 1.647009999999999863e+01 1.202499999999999958e-01
3.434000000000000247e-02 1.661295000000000144e+01 1.248999999999999971e-01
3.438000000000000084e-02 1.660709999999999908e+01 1.210500000000000048e-01
3.488999999999999740e-02 1.636834999999999951e+01 1.666999999999999871e-01
3.500999999999999945e-02 1.665810000000000102e+01 1.248500000000000026e-01
3.506999999999999701e-02 1.645114999999999839e+01 1.678499999999999992e-01
3.518000000000000294e-02 1.642245000000000132e+01 1.523500000000000132e-01
3.577999999999999931e-02 1.659205000000000041e+01 1.761000000000000065e-01
3.681999999999999856e-02 1.677055000000000007e+01 1.265499999999999958e-01
3.699999999999999817e-02 1.674885000000000090e+01 1.272500000000000020e-01
3.713000000000000328e-02 1.656044999999999945e+01 1.176999999999999991e-01
3.729999999999999982e-02 1.681960000000000122e+01 1.150499999999999995e-01
3.742999999999999799e-02 1.677080000000000126e+01 1.165999999999999953e-01
3.790999999999999925e-02 1.658510000000000062e+01 2.001000000000000001e-01
3.799999999999999906e-02 1.676640000000000086e+01 1.318499999999999950e-01
3.826999999999999846e-02 1.699715000000000131e+01 1.200999999999999984e-01
3.837000000000000133e-02 1.690210000000000079e+01 1.655500000000000027e-01
3.862999999999999767e-02 1.686145000000000138e+01 1.275000000000000022e-01
3.984000000000000041e-02 1.670739999999999981e+01 1.145999999999999935e-01
4.028000000000000330e-02 1.682059999999999889e+01 1.133500000000000063e-01
4.066999999999999782e-02 1.679279999999999973e+01 1.126999999999999946e-01
4.093000000000000110e-02 1.705280000000000129e+01 1.166500000000000037e-01
4.150000000000000216e-02 1.699670000000000059e+01 1.259000000000000119e-01
4.268999999999999878e-02 1.693325000000000102e+01 1.170000000000000068e-01
4.309999999999999942e-02 1.697674999999999912e+01 1.068500000000000005e-01
4.340999999999999720e-02 1.693145000000000167e+01 1.208999999999999936e-01
4.436999999999999972e-02 1.672084999999999866e+01 1.980500000000000038e-01
4.485999999999999710e-02 1.720550000000000068e+01 1.479499999999999982e-01
4.581999999999999962e-02 1.729254999999999853e+01 1.242999999999999938e-01
4.596999999999999698e-02 1.728219999999999956e+01 1.024999999999999939e-01
4.651000000000000273e-02 1.718185000000000073e+01 1.162500000000000061e-01
4.710000000000000298e-02 1.698420000000000130e+01 1.446500000000000008e-01
4.712999999999999828e-02 1.716789999999999949e+01 1.150999999999999940e-01
4.714000000000000135e-02 1.716274999999999906e+01 1.231499999999999956e-01
4.818999999999999673e-02 1.743440000000000012e+01 1.217499999999999971e-01
4.948999999999999927e-02 1.732404999999999973e+01 1.254500000000000060e-01
4.975999999999999868e-02 1.735275000000000034e+01 1.352500000000000091e-01
5.034999999999999892e-02 1.729029999999999845e+01 1.633499999999999952e-01
5.066999999999999976e-02 1.757225000000000037e+01 1.580000000000000016e-01
5.091999999999999998e-02 1.742034999999999911e+01 1.223999999999999949e-01
5.322000000000000342e-02 1.757914999999999850e+01 1.280499999999999972e-01
5.344000000000000139e-02 1.762205000000000155e+01 1.398000000000000076e-01
5.358999999999999875e-02 1.746869999999999834e+01 1.439000000000000001e-01
5.417999999999999899e-02 1.732179999999999964e+01 1.138500000000000068e-01
5.457999999999999657e-02 1.745210000000000150e+01 1.018000000000000016e-01
5.494999999999999885e-02 1.760184999999999889e+01 1.165000000000000063e-01
5.573000000000000176e-02 1.756165000000000020e+01 1.091499999999999970e-01
5.580999999999999850e-02 1.723215000000000074e+01 1.228500000000000009e-01
5.684000000000000163e-02 1.773355000000000103e+01 1.203000000000000042e-01
5.714999999999999941e-02 1.765694999999999837e+01 1.072000000000000036e-01
5.720999999999999697e-02 1.760444999999999993e+01 1.093999999999999972e-01
5.890000000000000097e-02 1.779200000000000159e+01 1.139499999999999957e-01
5.895000000000000240e-02 1.777070000000000149e+01 1.004499999999999976e-01
5.947999999999999815e-02 1.771774999999999878e+01 1.262500000000000011e-01
6.119000000000000133e-02 1.792460000000000164e+01 1.190500000000000030e-01
6.440999999999999504e-02 1.809975000000000023e+01 1.084999999999999992e-01
6.454999999999999627e-02 1.778944999999999865e+01 1.136000000000000065e-01
6.481000000000000649e-02 1.787655000000000172e+01 1.108999999999999986e-01
6.558999999999999553e-02 1.791254999999999953e+01 1.267500000000000016e-01
6.640999999999999681e-02 1.798809999999999931e+01 1.134000000000000008e-01
6.844999999999999696e-02 1.831034999999999968e+01 1.247999999999999943e-01
6.876999999999999780e-02 1.816815000000000069e+01 1.105499999999999955e-01
6.887999999999999678e-02 1.817780000000000129e+01 1.510499999999999898e-01
7.059999999999999609e-02 1.848434999999999917e+01 2.997500000000000164e-01
7.062999999999999834e-02 1.805924999999999869e+01 1.228999999999999954e-01
7.141000000000000125e-02 1.815745000000000076e+01 1.192000000000000004e-01
7.180000000000000271e-02 1.801210000000000022e+01 1.254000000000000115e-01
7.369000000000000550e-02 1.823549999999999827e+01 1.565999999999999892e-01
7.514999999999999458e-02 1.788820000000000121e+01 1.247999999999999943e-01
7.523000000000000520e-02 1.829879999999999995e+01 1.018499999999999961e-01
7.549999999999999767e-02 1.837800000000000011e+01 1.196500000000000064e-01
7.877000000000000668e-02 1.875760000000000005e+01 1.120499999999999968e-01
7.882999999999999730e-02 1.853969999999999985e+01 1.220500000000000057e-01
7.975999999999999757e-02 1.833699999999999974e+01 1.031500000000000056e-01
8.161999999999999811e-02 1.851099999999999923e+01 1.042499999999999954e-01
8.222999999999999754e-02 1.852945000000000064e+01 1.223000000000000059e-01
8.286000000000000310e-02 1.851790000000000092e+01 1.054999999999999966e-01
8.328000000000000680e-02 1.874380000000000024e+01 1.160500000000000004e-01
8.533999999999999919e-02 1.862284999999999968e+01 1.057000000000000023e-01
8.575000000000000677e-02 1.860800000000000054e+01 1.003499999999999948e-01
8.798000000000000265e-02 1.867960000000000065e+01 1.066000000000000003e-01
8.833000000000000573e-02 1.848089999999999833e+01 1.161500000000000032e-01
8.859000000000000208e-02 1.864345000000000141e+01 1.060500000000000054e-01
8.959999999999999909e-02 1.872404999999999831e+01 1.168499999999999955e-01
9.120999999999999941e-02 1.875805000000000078e+01 1.102999999999999953e-01
9.200999999999999457e-02 1.895469999999999899e+01 1.139000000000000012e-01
9.278000000000000136e-02 1.885760000000000147e+01 1.089999999999999997e-01
9.389999999999999736e-02 1.894954999999999856e+01 1.494499999999999995e-01
9.400000000000000022e-02 1.888899999999999935e+01 1.028499999999999970e-01
9.640999999999999570e-02 1.882150000000000034e+01 1.479499999999999982e-01
9.929000000000000326e-02 1.918290000000000006e+01 1.096499999999999975e-01
1.003600000000000048e-01 1.895704999999999885e+01 1.114499999999999935e-01
1.004400000000000015e-01 1.908070000000000022e+01 1.093500000000000028e-01
1.022699999999999998e-01 1.905310000000000059e+01 1.106000000000000039e-01
1.024199999999999972e-01 1.915364999999999895e+01 1.077000000000000041e-01
1.028000000000000025e-01 1.916175000000000139e+01 1.443000000000000116e-01
1.029299999999999937e-01 1.890405000000000157e+01 1.232499999999999984e-01
1.029800000000000021e-01 1.916045000000000087e+01 1.029999999999999943e-01
1.034000000000000058e-01 1.910194999999999865e+01 1.006999999999999978e-01
1.035999999999999976e-01 1.896075000000000088e+01 1.055500000000000049e-01
1.058800000000000019e-01 1.911670000000000158e+01 1.001500000000000029e-01
1.064299999999999968e-01 1.909035000000000082e+01 1.024499999999999994e-01
1.068899999999999989e-01 1.921839999999999904e+01 1.045500000000000040e-01
1.072000000000000036e-01 1.919494999999999862e+01 1.111000000000000043e-01
1.075699999999999990e-01 1.924474999999999980e+01 1.086499999999999966e-01
1.090200000000000058e-01 1.917210000000000036e+01 1.028499999999999970e-01
1.098900000000000016e-01 1.929244999999999877e+01 1.208499999999999991e-01
1.122900000000000009e-01 1.938094999999999857e+01 1.025999999999999968e-01
1.137600000000000000e-01 1.912709999999999866e+01 1.067499999999999977e-01
1.163899999999999935e-01 1.929475000000000051e+01 1.018499999999999961e-01
1.165899999999999992e-01 1.938465000000000060e+01 1.035999999999999976e-01
1.176200000000000023e-01 1.941925000000000168e+01 1.059500000000000025e-01
1.178199999999999942e-01 1.919344999999999857e+01 9.909999999999999365e-02
1.178700000000000025e-01 1.935184999999999889e+01 1.136500000000000010e-01
1.187000000000000000e-01 1.926764999999999972e+01 1.243999999999999967e-01
1.194400000000000045e-01 1.933474999999999966e+01 1.244999999999999996e-01
1.198099999999999998e-01 1.965184999999999960e+01 1.419999999999999873e-01
1.200500000000000039e-01 1.936834999999999951e+01 1.020999999999999963e-01
1.202899999999999942e-01 1.952005000000000123e+01 1.129499999999999948e-01
1.206799999999999956e-01 1.936880000000000024e+01 1.915999999999999925e-01
1.217499999999999971e-01 1.934124999999999872e+01 9.804999999999999827e-02
1.218000000000000055e-01 1.958064999999999856e+01 1.344499999999999862e-01
1.221099999999999963e-01 1.937365000000000137e+01 1.149499999999999966e-01
1.228999999999999954e-01 1.939480000000000004e+01 1.166500000000000037e-01
1.229100000000000054e-01 1.944024999999999892e+01 1.033000000000000029e-01
1.234699999999999964e-01 1.941979999999999862e+01 1.028499999999999970e-01
1.236499999999999960e-01 1.957410000000000139e+01 1.082999999999999935e-01
1.236799999999999983e-01 1.940230000000000032e+01 1.021999999999999992e-01
1.243999999999999967e-01 1.947840000000000060e+01 1.005999999999999950e-01
1.253100000000000047e-01 1.946839999999999904e+01 1.035500000000000032e-01
1.262000000000000066e-01 1.936854999999999905e+01 1.130000000000000032e-01
1.263100000000000056e-01 1.958524999999999849e+01 1.348499999999999976e-01
1.267199999999999993e-01 1.952599999999999980e+01 1.097000000000000058e-01
1.267900000000000138e-01 1.954289999999999949e+01 1.196500000000000064e-01
1.268700000000000105e-01 1.959325000000000117e+01 1.036500000000000060e-01
1.278299999999999992e-01 1.956159999999999854e+01 1.320000000000000062e-01
1.289099999999999968e-01 1.958984999999999843e+01 1.279500000000000082e-01
1.291299999999999948e-01 1.950829999999999842e+01 1.142999999999999988e-01
1.292399999999999938e-01 1.961204999999999998e+01 1.087499999999999994e-01
1.294099999999999973e-01 1.954710000000000036e+01 1.074999999999999983e-01
1.299500000000000099e-01 1.979635000000000034e+01 1.216499999999999942e-01
1.322599999999999887e-01 1.992930000000000135e+01 1.333000000000000018e-01
1.326900000000000024e-01 1.953774999999999906e+01 9.940000000000000224e-02
1.336600000000000010e-01 1.959394999999999953e+01 1.010000000000000064e-01
1.352299999999999891e-01 1.980744999999999933e+01 1.215999999999999998e-01
1.352700000000000014e-01 1.996709999999999852e+01 1.135000000000000037e-01
1.365300000000000125e-01 1.958644999999999925e+01 1.105000000000000010e-01
1.365899999999999892e-01 1.976144999999999996e+01 1.230500000000000066e-01
1.367200000000000082e-01 1.974020000000000152e+01 1.137999999999999984e-01
1.367899999999999949e-01 1.976484999999999914e+01 1.107500000000000012e-01
1.371199999999999919e-01 2.012265000000000015e+01 1.141500000000000015e-01
1.379599999999999993e-01 1.966284999999999883e+01 1.047499999999999959e-01
1.380599999999999883e-01 1.970325000000000060e+01 1.024499999999999994e-01
1.381600000000000050e-01 1.984949999999999903e+01 1.169000000000000039e-01
1.382299999999999918e-01 1.979439999999999955e+01 1.038000000000000034e-01
1.384700000000000097e-01 1.999934999999999974e+01 1.333499999999999963e-01
1.385500000000000065e-01 1.976995000000000147e+01 1.307999999999999996e-01
1.388000000000000067e-01 1.982205000000000084e+01 1.072000000000000036e-01
1.394700000000000106e-01 1.977990000000000137e+01 1.129000000000000004e-01
1.405500000000000083e-01 1.987099999999999866e+01 1.163499999999999951e-01
1.413500000000000034e-01 1.984219999999999828e+01 1.322500000000000064e-01
1.416699999999999904e-01 1.979674999999999940e+01 1.047000000000000014e-01
1.434300000000000019e-01 1.988005000000000067e+01 1.081499999999999961e-01
1.439300000000000024e-01 1.983575000000000088e+01 1.130000000000000032e-01
1.440599999999999936e-01 1.981664999999999921e+01 1.048499999999999988e-01
1.446199999999999986e-01 1.981060000000000088e+01 1.396499999999999964e-01
1.451900000000000135e-01 1.990865000000000151e+01 1.398999999999999966e-01
1.453899999999999915e-01 2.025509999999999877e+01 1.723999999999999977e-01
1.456600000000000117e-01 1.967310000000000159e+01 1.275499999999999967e-01
1.464799999999999991e-01 1.991104999999999947e+01 1.109499999999999931e-01
1.471099999999999908e-01 1.977599999999999980e+01 1.033499999999999974e-01
1.472299999999999998e-01 1.983974999999999866e+01 1.218000000000000055e-01
1.476099999999999912e-01 1.988745000000000118e+01 1.136500000000000010e-01
1.477400000000000102e-01 1.984029999999999916e+01 1.023000000000000020e-01
1.486399999999999944e-01 1.991815000000000069e+01 1.063000000000000056e-01
1.494900000000000118e-01 2.015155000000000030e+01 1.667500000000000093e-01
1.506200000000000039e-01 1.985569999999999879e+01 1.160500000000000004e-01
1.506899999999999906e-01 1.993750000000000000e+01 1.100000000000000006e-01
1.517100000000000115e-01 1.979329999999999856e+01 1.032499999999999946e-01
1.525299999999999989e-01 2.008555000000000135e+01 1.135499999999999982e-01
1.526899999999999924e-01 1.993714999999999904e+01 1.158499999999999946e-01
1.528599999999999959e-01 2.000240000000000151e+01 1.024499999999999994e-01
1.529800000000000049e-01 1.999964999999999904e+01 1.096000000000000030e-01
1.533299999999999941e-01 1.984240000000000137e+01 1.046500000000000069e-01
1.535199999999999898e-01 2.012259999999999849e+01 1.049500000000000016e-01
1.547399999999999887e-01 1.983105000000000118e+01 1.044999999999999957e-01
1.549000000000000099e-01 2.002509999999999835e+01 1.063000000000000056e-01
1.549899999999999889e-01 2.014264999999999972e+01 1.179499999999999993e-01
1.562500000000000000e-01 1.998785000000000167e+01 1.259500000000000064e-01
1.567000000000000060e-01 2.002475000000000094e+01 1.548499999999999877e-01
1.567999999999999949e-01 2.012389999999999901e+01 1.254500000000000060e-01
1.581899999999999973e-01 1.981684999999999874e+01 1.237499999999999989e-01
1.588100000000000067e-01 1.999615000000000009e+01 1.244999999999999996e-01
1.593299999999999994e-01 1.983814999999999884e+01 1.053999999999999937e-01
1.594800000000000106e-01 2.018505000000000038e+01 1.774999999999999911e-01
1.601799999999999891e-01 1.992285000000000039e+01 1.104500000000000065e-01
1.603100000000000080e-01 2.007604999999999862e+01 1.290000000000000036e-01
1.603999999999999870e-01 1.998614999999999853e+01 1.095499999999999946e-01
1.604599999999999915e-01 2.016234999999999999e+01 1.670000000000000095e-01
1.605300000000000060e-01 1.993290000000000006e+01 1.155999999999999944e-01
1.613900000000000057e-01 2.007365000000000066e+01 1.201500000000000068e-01
1.616299999999999959e-01 2.013589999999999947e+01 1.298999999999999877e-01
1.626700000000000090e-01 2.024830000000000041e+01 1.302999999999999992e-01
1.638199999999999934e-01 2.002370000000000161e+01 1.191500000000000059e-01
1.644799999999999873e-01 2.003174999999999883e+01 1.082999999999999935e-01
1.650300000000000100e-01 2.008490000000000109e+01 1.158499999999999946e-01
1.651400000000000090e-01 2.009404999999999930e+01 1.066499999999999948e-01
1.657599999999999907e-01 1.993449999999999989e+01 1.215500000000000053e-01
1.679900000000000004e-01 2.005229999999999890e+01 1.218999999999999945e-01
1.693999999999999950e-01 2.025540000000000163e+01 1.144000000000000017e-01
1.694100000000000050e-01 2.046515000000000128e+01 1.317000000000000115e-01
1.700800000000000090e-01 2.024889999999999901e+01 1.069999999999999979e-01
1.704299999999999982e-01 2.012375000000000114e+01 1.425500000000000100e-01
1.714400000000000091e-01 2.028729999999999833e+01 1.731499999999999984e-01
1.715700000000000003e-01 2.021999999999999886e+01 1.158499999999999946e-01
1.728099999999999914e-01 2.049024999999999963e+01 1.307999999999999996e-01
1.733099999999999918e-01 2.015344999999999942e+01 9.925000000000000488e-02
1.735399999999999998e-01 2.048120000000000118e+01 1.282999999999999974e-01
1.735899999999999943e-01 2.008824999999999861e+01 1.082999999999999935e-01
1.736499999999999988e-01 2.032839999999999847e+01 1.373000000000000054e-01
1.737100000000000033e-01 2.028215000000000146e+01 1.266500000000000126e-01
1.741999999999999937e-01 2.034609999999999985e+01 1.115000000000000019e-01
1.742400000000000060e-01 2.023689999999999856e+01 1.104500000000000065e-01
1.746099999999999874e-01 2.050560000000000116e+01 1.317000000000000115e-01
1.753699999999999981e-01 2.024765000000000015e+01 1.248999999999999971e-01
1.767499999999999905e-01 2.028545000000000087e+01 1.290000000000000036e-01
1.768500000000000072e-01 2.023969999999999914e+01 1.059999999999999970e-01
1.770799999999999874e-01 2.047674999999999912e+01 1.272999999999999965e-01
1.774600000000000066e-01 2.033624999999999972e+01 1.290499999999999980e-01
1.774799999999999989e-01 2.007179999999999964e+01 1.211499999999999938e-01
1.776999999999999968e-01 2.035519999999999996e+01 1.103500000000000036e-01
1.777199999999999891e-01 2.020345000000000013e+01 1.223999999999999949e-01
1.781800000000000050e-01 2.072834999999999894e+01 1.285999999999999921e-01
1.783099999999999963e-01 2.037535000000000096e+01 1.134000000000000008e-01
1.786999999999999977e-01 2.040249999999999986e+01 1.151999999999999968e-01
1.789300000000000057e-01 2.028089999999999904e+01 1.224999999999999978e-01
1.791999999999999982e-01 2.054674999999999940e+01 1.491500000000000048e-01
1.796699999999999964e-01 2.048100000000000165e+01 1.698999999999999955e-01
1.797199999999999909e-01 2.030174999999999841e+01 1.132500000000000034e-01
1.800400000000000056e-01 2.068244999999999933e+01 1.433500000000000052e-01
1.804600000000000093e-01 2.013755000000000095e+01 1.056499999999999939e-01
1.805799999999999905e-01 2.027520000000000167e+01 1.116999999999999937e-01
1.806000000000000105e-01 2.038639999999999830e+01 1.141999999999999960e-01
1.807100000000000095e-01 2.034675000000000011e+01 1.642500000000000071e-01
1.812199999999999922e-01 2.021144999999999925e+01 1.053499999999999992e-01
1.814099999999999879e-01 2.042599999999999838e+01 1.592999999999999972e-01
1.815199999999999869e-01 2.047400000000000020e+01 1.257500000000000007e-01
1.821200000000000041e-01 2.037965000000000160e+01 1.376499999999999946e-01
1.822300000000000031e-01 2.033589999999999876e+01 1.262500000000000011e-01
1.826099999999999945e-01 2.058184999999999931e+01 1.376000000000000001e-01
1.835299999999999987e-01 2.050740000000000052e+01 1.247000000000000053e-01
1.835600000000000009e-01 2.029510000000000147e+01 1.283999999999999864e-01
1.836500000000000077e-01 2.055264999999999986e+01 1.414499999999999924e-01
1.844600000000000128e-01 2.036469999999999914e+01 1.306499999999999884e-01
1.845999999999999863e-01 2.038765000000000072e+01 1.082000000000000045e-01
1.847799999999999998e-01 2.037525000000000119e+01 1.055999999999999994e-01
1.848400000000000043e-01 2.031575000000000131e+01 1.234999999999999987e-01
1.853799999999999892e-01 2.045579999999999998e+01 1.040500000000000036e-01
1.854200000000000015e-01 2.033784999999999954e+01 1.282999999999999974e-01
1.856200000000000072e-01 2.048365000000000080e+01 1.297999999999999987e-01
1.862800000000000011e-01 2.052515000000000001e+01 1.138500000000000068e-01
1.890499999999999958e-01 2.020390000000000086e+01 1.187000000000000000e-01
1.890999999999999903e-01 2.048639999999999972e+01 1.303499999999999936e-01
1.891400000000000026e-01 2.088524999999999920e+01 1.288499999999999923e-01
1.895900000000000085e-01 2.050025000000000119e+01 1.605000000000000038e-01
1.898799999999999932e-01 2.046505000000000152e+01 1.184999999999999942e-01
1.900499999999999967e-01 2.040609999999999857e+01 1.552000000000000046e-01
1.902399999999999924e-01 2.064859999999999829e+01 1.182499999999999940e-01
1.907000000000000084e-01 2.069279999999999831e+01 1.192499999999999949e-01
1.914099999999999968e-01 2.005499999999999972e+01 1.551500000000000101e-01
1.918999999999999873e-01 2.053150000000000119e+01 1.403999999999999970e-01
1.935800000000000021e-01 2.059580000000000055e+01 1.360999999999999988e-01
1.957000000000000128e-01 2.061714999999999876e+01 1.292500000000000038e-01
1.958199999999999941e-01 2.052860000000000085e+01 1.150999999999999940e-01
1.958999999999999908e-01 2.054824999999999946e+01 1.193499999999999978e-01
1.960199999999999998e-01 2.050134999999999863e+01 1.089999999999999997e-01
1.963000000000000023e-01 2.070795000000000030e+01 1.368999999999999939e-01
1.965000000000000080e-01 2.073789999999999978e+01 1.384499999999999897e-01
1.969400000000000039e-01 2.058180000000000121e+01 1.166999999999999982e-01
1.973100000000000132e-01 2.043519999999999825e+01 1.121999999999999942e-01
1.977700000000000014e-01 2.049105000000000132e+01 1.290000000000000036e-01
1.983999999999999930e-01 2.064069999999999894e+01 1.317000000000000115e-01
1.984499999999999875e-01 2.061015000000000086e+01 1.389499999999999902e-01
1.985999999999999988e-01 2.064420000000000144e+01 1.223000000000000059e-01
1.993999999999999939e-01 2.039679999999999893e+01 1.414499999999999924e-01
1.995800000000000074e-01 2.061175000000000068e+01 1.529500000000000026e-01
1.998000000000000054e-01 2.066375000000000028e+01 1.359499999999999875e-01
2.007200000000000095e-01 2.072484999999999999e+01 1.607000000000000095e-01
2.007299999999999918e-01 2.052740000000000009e+01 2.114499999999999991e-01
2.019199999999999884e-01 2.038595000000000113e+01 1.147500000000000048e-01
2.024400000000000088e-01 2.060265000000000057e+01 1.376499999999999946e-01
2.028399999999999925e-01 2.073489999999999966e+01 1.164000000000000035e-01
2.029100000000000070e-01 2.064164999999999850e+01 1.208999999999999936e-01
2.029900000000000038e-01 2.070009999999999906e+01 1.381999999999999895e-01
2.031100000000000128e-01 2.057339999999999947e+01 1.255499999999999949e-01
2.031399999999999872e-01 2.064385000000000048e+01 1.203499999999999986e-01
2.032400000000000040e-01 2.065090000000000003e+01 1.195500000000000035e-01
2.043099999999999916e-01 2.066434999999999889e+01 1.243500000000000022e-01
2.049300000000000010e-01 2.093400000000000105e+01 1.567999999999999949e-01
2.053200000000000025e-01 2.073154999999999859e+01 1.350999999999999979e-01
2.056199999999999972e-01 2.056579999999999941e+01 1.209500000000000020e-01
2.058399999999999952e-01 2.055389999999999873e+01 1.576500000000000123e-01
2.071000000000000063e-01 2.103995000000000104e+01 1.857499999999999984e-01
2.082400000000000084e-01 2.065465000000000018e+01 1.207499999999999962e-01
2.082700000000000107e-01 2.070195000000000007e+01 1.318999999999999895e-01
2.086099999999999899e-01 2.059294999999999831e+01 1.127500000000000030e-01
2.088000000000000134e-01 2.085900000000000176e+01 1.611499999999999877e-01
2.098200000000000065e-01 2.090474999999999994e+01 1.584000000000000130e-01
2.102799999999999947e-01 2.064020000000000010e+01 1.335000000000000075e-01
2.103700000000000014e-01 2.057655000000000101e+01 1.203000000000000042e-01
2.105299999999999949e-01 2.101360000000000028e+01 1.507499999999999951e-01
2.107300000000000006e-01 2.073864999999999981e+01 1.622999999999999998e-01
2.107499999999999929e-01 2.072700000000000031e+01 1.269500000000000073e-01
2.107900000000000051e-01 2.092079999999999984e+01 1.231000000000000011e-01
2.113899999999999946e-01 2.062470000000000070e+01 1.275999999999999912e-01
2.115400000000000058e-01 2.114485000000000170e+01 1.817999999999999894e-01
2.119800000000000018e-01 2.068915000000000148e+01 1.229500000000000037e-01
2.123099999999999987e-01 2.080065000000000097e+01 1.302999999999999992e-01
2.131099999999999939e-01 2.067634999999999934e+01 1.428999999999999992e-01
2.131299999999999861e-01 2.073185000000000144e+01 1.232499999999999984e-01
2.132699999999999874e-01 2.078294999999999959e+01 1.363999999999999935e-01
2.143200000000000105e-01 2.082169999999999987e+01 1.307999999999999996e-01
2.143400000000000027e-01 2.073404999999999987e+01 1.734499999999999931e-01
2.149000000000000077e-01 2.120185000000000031e+01 1.482999999999999874e-01
2.164099999999999913e-01 2.059574999999999889e+01 1.155499999999999999e-01
2.165100000000000080e-01 2.081230000000000047e+01 1.362500000000000100e-01
2.173100000000000032e-01 2.078089999999999904e+01 1.394499999999999906e-01
2.173499999999999877e-01 2.089395000000000024e+01 1.566500000000000115e-01
2.179099999999999926e-01 2.093179999999999907e+01 1.422499999999999876e-01
2.184000000000000108e-01 2.076194999999999879e+01 1.414999999999999869e-01
2.185999999999999888e-01 2.097599999999999909e+01 1.685000000000000109e-01
2.186099999999999988e-01 2.087004999999999910e+01 1.343499999999999972e-01
2.191099999999999992e-01 2.088540000000000063e+01 1.260999999999999899e-01
2.192900000000000127e-01 2.067190000000000083e+01 1.534000000000000086e-01
2.194599999999999884e-01 2.084690000000000154e+01 1.023000000000000020e-01
2.195000000000000007e-01 2.100055000000000049e+01 1.345999999999999974e-01
2.198599999999999999e-01 2.083145000000000024e+01 1.082499999999999990e-01
2.204299999999999871e-01 2.081794999999999973e+01 1.544500000000000040e-01
2.214599999999999902e-01 2.082175000000000153e+01 1.491500000000000048e-01
2.222999999999999976e-01 2.093560000000000088e+01 1.391999999999999904e-01
2.225900000000000101e-01 2.108040000000000092e+01 1.545999999999999874e-01
2.230800000000000005e-01 2.093074999999999974e+01 1.280999999999999917e-01
2.237399999999999944e-01 2.075104999999999933e+01 1.222499999999999976e-01
2.242500000000000049e-01 2.116495000000000104e+01 1.534500000000000031e-01
2.244800000000000129e-01 2.066809999999999903e+01 1.538499999999999868e-01
2.250999999999999945e-01 2.086100000000000065e+01 1.295499999999999985e-01
2.255600000000000105e-01 2.086289999999999978e+01 1.228000000000000064e-01
2.256199999999999872e-01 2.072299999999999898e+01 1.242499999999999993e-01
2.264400000000000024e-01 2.087709999999999866e+01 1.409999999999999865e-01
2.279599999999999960e-01 2.083435000000000059e+01 1.504500000000000004e-01
2.285300000000000109e-01 2.096525000000000105e+01 1.289500000000000091e-01
2.288900000000000101e-01 2.099445000000000050e+01 1.435500000000000109e-01
2.293900000000000106e-01 2.087940000000000040e+01 1.270999999999999908e-01
2.294299999999999951e-01 2.095824999999999960e+01 1.411000000000000032e-01
2.302700000000000025e-01 2.101379999999999981e+01 1.464499999999999968e-01
2.307099999999999984e-01 2.074844999999999828e+01 1.525499999999999912e-01
2.308600000000000096e-01 2.103314999999999912e+01 1.537499999999999978e-01
2.315200000000000036e-01 2.092184999999999917e+01 1.499000000000000055e-01
2.335299999999999876e-01 2.092064999999999841e+01 1.527000000000000024e-01
2.335899999999999921e-01 2.088475000000000037e+01 1.537000000000000033e-01
2.336199999999999943e-01 2.121045000000000158e+01 1.598999999999999866e-01
2.346600000000000075e-01 2.086439999999999984e+01 1.951499999999999901e-01
2.351699999999999902e-01 2.099289999999999878e+01 1.458000000000000129e-01
2.360299999999999898e-01 2.115469999999999828e+01 1.231499999999999956e-01
2.364300000000000013e-01 2.087655000000000172e+01 1.432499999999999885e-01
2.365700000000000025e-01 2.101435000000000031e+01 1.459999999999999909e-01
2.368000000000000105e-01 2.102240000000000109e+01 1.241000000000000020e-01
2.375299999999999911e-01 2.101470000000000127e+01 1.315999999999999948e-01
2.382299999999999973e-01 2.124810000000000088e+01 1.433500000000000052e-01
2.385099999999999998e-01 2.119555000000000078e+01 2.470999999999999863e-01
2.394300000000000039e-01 2.071894999999999953e+01 1.477999999999999869e-01
2.400100000000000011e-01 2.109339999999999904e+01 1.643000000000000016e-01
2.407400000000000095e-01 2.113115000000000165e+01 1.179499999999999993e-01
2.411099999999999910e-01 2.109055000000000035e+01 1.117999999999999966e-01
2.414600000000000080e-01 2.085675000000000168e+01 1.301499999999999879e-01
2.416200000000000014e-01 2.098075000000000045e+01 1.517499999999999960e-01
2.417700000000000127e-01 2.134519999999999840e+01 1.569000000000000117e-01
2.423700000000000021e-01 2.118455000000000155e+01 1.519500000000000017e-01
2.427499999999999936e-01 2.134080000000000155e+01 1.213000000000000050e-01
2.428800000000000125e-01 2.102795000000000059e+01 1.174999999999999933e-01
2.431699999999999973e-01 2.124885000000000090e+01 1.547499999999999987e-01
2.441000000000000114e-01 2.096024999999999849e+01 1.449000000000000010e-01
2.448799999999999866e-01 2.086814999999999998e+01 1.297999999999999987e-01
2.449399999999999911e-01 2.105304999999999893e+01 1.237000000000000044e-01
2.451000000000000123e-01 2.125890000000000057e+01 1.441000000000000059e-01
2.452600000000000058e-01 2.137519999999999953e+01 1.882000000000000062e-01
2.452699999999999880e-01 2.071979999999999933e+01 1.470499999999999863e-01
2.452999999999999903e-01 2.111589999999999989e+01 1.410500000000000087e-01
2.457499999999999962e-01 2.112800000000000011e+01 1.224999999999999978e-01
2.458299999999999930e-01 2.088445000000000107e+01 1.308499999999999941e-01
2.459899999999999864e-01 2.114659999999999940e+01 1.218999999999999945e-01
2.461500000000000077e-01 2.102230000000000132e+01 1.464499999999999968e-01
2.461599999999999899e-01 2.115690000000000026e+01 1.305499999999999994e-01
2.464899999999999869e-01 2.116055000000000064e+01 1.080499999999999933e-01
2.480499999999999927e-01 2.098175000000000168e+01 1.343499999999999972e-01
2.482800000000000007e-01 2.112610000000000099e+01 1.388000000000000067e-01
2.483200000000000129e-01 2.109655000000000058e+01 1.325999999999999956e-01
2.484899999999999887e-01 2.119024999999999892e+01 1.470499999999999863e-01
2.486200000000000077e-01 2.120279999999999987e+01 1.399499999999999911e-01
2.487999999999999934e-01 2.113269999999999982e+01 1.595999999999999919e-01
2.489999999999999991e-01 2.102714999999999890e+01 1.158499999999999946e-01
2.493100000000000038e-01 2.138165000000000049e+01 1.408999999999999975e-01
2.494300000000000128e-01 2.107689999999999841e+01 1.444499999999999951e-01
2.495400000000000118e-01 2.116760000000000019e+01 1.247000000000000053e-01
2.499899999999999900e-01 2.120114999999999839e+01 1.330500000000000016e-01
2.500100000000000100e-01 2.137679999999999936e+01 1.625000000000000056e-01
2.500999999999999890e-01 2.129820000000000135e+01 1.322500000000000064e-01
2.501200000000000090e-01 2.111349999999999838e+01 1.431499999999999995e-01
2.505000000000000004e-01 2.117630000000000123e+01 1.113999999999999990e-01
2.505100000000000104e-01 2.102680000000000149e+01 1.316499999999999893e-01
2.508500000000000174e-01 2.140640000000000143e+01 1.658999999999999919e-01
2.514899999999999913e-01 2.120899999999999963e+01 1.265999999999999903e-01
2.516300000000000203e-01 2.123379999999999868e+01 1.461999999999999966e-01
2.521800000000000153e-01 2.116779999999999973e+01 1.609500000000000097e-01
2.524899999999999922e-01 2.120755000000000123e+01 1.132500000000000034e-01
2.534000000000000141e-01 2.109144999999999825e+01 1.124499999999999944e-01
2.557699999999999974e-01 2.133439999999999870e+01 1.817999999999999894e-01
2.562599999999999878e-01 2.125639999999999930e+01 1.614500000000000102e-01
2.564100000000000268e-01 2.127580000000000027e+01 1.748999999999999999e-01
2.565399999999999903e-01 2.113984999999999914e+01 1.480499999999999872e-01
2.569000000000000172e-01 2.134694999999999965e+01 1.671499999999999930e-01
2.569299999999999917e-01 2.127410000000000068e+01 1.446000000000000063e-01
2.574000000000000177e-01 2.137115000000000009e+01 1.499999999999999944e-01
2.576899999999999746e-01 2.127749999999999986e+01 1.428500000000000048e-01
2.584799999999999875e-01 2.113905000000000101e+01 1.408500000000000030e-01
2.604299999999999948e-01 2.131275000000000119e+01 1.521000000000000130e-01
2.605100000000000193e-01 2.122765000000000057e+01 1.226499999999999951e-01
2.608800000000000008e-01 2.135719999999999885e+01 1.422499999999999876e-01
2.610999999999999988e-01 2.120360000000000156e+01 1.386499999999999955e-01
2.613199999999999967e-01 2.145589999999999975e+01 1.788500000000000090e-01
2.613599999999999812e-01 2.116679999999999851e+01 1.583499999999999908e-01
2.619900000000000007e-01 2.115834999999999866e+01 1.082000000000000045e-01
2.631200000000000205e-01 2.139099999999999824e+01 1.313000000000000000e-01
2.631800000000000250e-01 2.135760000000000147e+01 1.429499999999999937e-01
2.632700000000000040e-01 2.103500000000000014e+01 1.514000000000000068e-01
2.634900000000000020e-01 2.115514999999999901e+01 1.078999999999999959e-01
2.637700000000000045e-01 2.126790000000000092e+01 1.569500000000000062e-01
2.638800000000000034e-01 2.106400000000000006e+01 1.418000000000000094e-01
2.641899999999999804e-01 2.145354999999999990e+01 1.665000000000000091e-01
2.646000000000000019e-01 2.124490000000000123e+01 1.388999999999999957e-01
2.655000000000000138e-01 2.106090000000000018e+01 1.300999999999999934e-01
2.665799999999999836e-01 2.133224999999999838e+01 1.476500000000000035e-01
2.680100000000000260e-01 2.122475000000000023e+01 1.671499999999999930e-01
2.682599999999999985e-01 2.148829999999999885e+01 1.527499999999999969e-01
2.682800000000000185e-01 2.139934999999999832e+01 1.626499999999999890e-01
2.684799999999999964e-01 2.134224999999999994e+01 1.443500000000000061e-01
2.684900000000000064e-01 2.124725000000000108e+01 1.050999999999999990e-01
2.686200000000000254e-01 2.117620000000000147e+01 9.929999999999999938e-02
2.699099999999999833e-01 2.128590000000000160e+01 1.269500000000000073e-01
2.700099999999999723e-01 2.136745000000000161e+01 1.372500000000000109e-01
2.704699999999999882e-01 2.123560000000000159e+01 1.242000000000000048e-01
2.705699999999999772e-01 2.134189999999999898e+01 1.690000000000000113e-01
2.708800000000000097e-01 2.122425000000000139e+01 1.199999999999999956e-01
2.713099999999999956e-01 2.130944999999999823e+01 1.078500000000000014e-01
2.730699999999999794e-01 2.130624999999999858e+01 1.450500000000000123e-01
2.744599999999999818e-01 2.137340000000000018e+01 1.524999999999999967e-01
2.750900000000000012e-01 2.150714999999999932e+01 1.381999999999999895e-01
2.751100000000000212e-01 2.137075000000000102e+01 1.550499999999999934e-01
2.753999999999999782e-01 2.144849999999999923e+01 1.529999999999999971e-01
2.763100000000000001e-01 2.162545000000000073e+01 1.905499999999999972e-01
2.771600000000000175e-01 2.188070000000000093e+01 2.054999999999999882e-01
2.780500000000000194e-01 2.138660000000000139e+01 1.391499999999999959e-01
2.790000000000000258e-01 2.150114999999999910e+01 1.326499999999999901e-01
2.794599999999999862e-01 2.127730000000000032e+01 1.398000000000000076e-01
2.798900000000000277e-01 2.129690000000000083e+01 1.136500000000000010e-01
2.805099999999999816e-01 2.137869999999999848e+01 1.105499999999999955e-01
2.825099999999999834e-01 2.157460000000000022e+01 1.073000000000000065e-01
2.831299999999999928e-01 2.144409999999999883e+01 1.359499999999999875e-01
2.836000000000000187e-01 2.140915000000000035e+01 1.028000000000000025e-01
2.839700000000000002e-01 2.131629999999999825e+01 1.145999999999999935e-01
2.839999999999999747e-01 2.147400000000000020e+01 1.514500000000000013e-01
2.840300000000000047e-01 2.129820000000000135e+01 1.363499999999999990e-01
2.850900000000000101e-01 2.160225000000000151e+01 1.543499999999999872e-01
2.853999999999999870e-01 2.122650000000000148e+01 1.231499999999999956e-01
2.854599999999999915e-01 2.146644999999999825e+01 1.395000000000000129e-01
2.857799999999999785e-01 2.143724999999999881e+01 1.358000000000000040e-01
2.862199999999999744e-01 2.142304999999999993e+01 1.558499999999999885e-01
2.863100000000000089e-01 2.168270000000000053e+01 1.504000000000000059e-01
2.870699999999999918e-01 2.145404999999999873e+01 1.429499999999999937e-01
2.871199999999999863e-01 2.126679999999999993e+01 1.491000000000000103e-01
2.884499999999999842e-01 2.148260000000000147e+01 1.255999999999999894e-01
2.885400000000000187e-01 2.152949999999999875e+01 1.638999999999999901e-01
2.896000000000000241e-01 2.171499999999999986e+01 1.648999999999999910e-01
2.900300000000000100e-01 2.137140000000000128e+01 1.531500000000000083e-01
2.902000000000000135e-01 2.144119999999999848e+01 1.383500000000000008e-01
2.908000000000000029e-01 2.123600000000000065e+01 1.464499999999999968e-01
2.908999999999999919e-01 2.130594999999999928e+01 1.595499999999999974e-01
2.912100000000000244e-01 2.151944999999999908e+01 1.501000000000000112e-01
2.917199999999999793e-01 2.147214999999999918e+01 1.253499999999999892e-01
2.921199999999999908e-01 2.117535000000000167e+01 1.226000000000000006e-01
2.924499999999999877e-01 2.146869999999999834e+01 1.648999999999999910e-01
2.928200000000000247e-01 2.148959999999999937e+01 1.350999999999999979e-01
2.929100000000000037e-01 2.154425000000000168e+01 1.708000000000000074e-01
2.931799999999999962e-01 2.157975000000000065e+01 1.436999999999999944e-01
2.953200000000000269e-01 2.177080000000000126e+01 1.925000000000000044e-01
2.955999999999999739e-01 2.172909999999999897e+01 1.229999999999999982e-01
2.964899999999999758e-01 2.144490000000000052e+01 1.446000000000000063e-01
2.984299999999999731e-01 2.199484999999999957e+01 1.604500000000000093e-01
2.985900000000000221e-01 2.166704999999999970e+01 1.633000000000000007e-01
2.988000000000000100e-01 2.139335000000000164e+01 1.642500000000000071e-01
2.991099999999999870e-01 2.151974999999999838e+01 1.300999999999999934e-01
2.994800000000000240e-01 2.170345000000000013e+01 1.613999999999999879e-01
3.000399999999999734e-01 2.142040000000000077e+01 1.588499999999999912e-01
3.000599999999999934e-01 2.162535000000000096e+01 1.652500000000000080e-01
3.001199999999999979e-01 2.171085000000000065e+01 1.193499999999999978e-01
3.007799999999999918e-01 2.191835000000000022e+01 1.703999999999999959e-01
3.014299999999999757e-01 2.181234999999999857e+01 1.444999999999999896e-01
3.015599999999999947e-01 2.158589999999999876e+01 1.349499999999999866e-01
3.015800000000000147e-01 2.164245000000000019e+01 9.389999999999999736e-02
3.024899999999999811e-01 2.161349999999999838e+01 1.582500000000000018e-01
3.031699999999999950e-01 2.187199999999999989e+01 1.376499999999999946e-01
3.033699999999999730e-01 2.166825000000000045e+01 1.186500000000000055e-01
3.036900000000000155e-01 2.149624999999999986e+01 1.350000000000000089e-01
3.052500000000000213e-01 2.164294999999999902e+01 1.129000000000000004e-01
3.053799999999999848e-01 2.138029999999999831e+01 1.976499999999999924e-01
3.054899999999999838e-01 2.169950000000000045e+01 1.330500000000000016e-01
3.056699999999999973e-01 2.168485000000000085e+01 1.201500000000000068e-01
3.061699999999999977e-01 2.177704999999999913e+01 1.613499999999999934e-01
3.064200000000000257e-01 2.168750000000000000e+01 1.492999999999999883e-01
3.066599999999999882e-01 2.188165000000000049e+01 1.627000000000000113e-01
3.080100000000000060e-01 2.195175000000000054e+01 1.181999999999999995e-01
3.088000000000000189e-01 2.183605000000000018e+01 1.552499999999999991e-01
3.089399999999999924e-01 2.172384999999999877e+01 1.693000000000000060e-01
3.089999999999999969e-01 2.181139999999999901e+01 1.968499999999999972e-01
3.091999999999999749e-01 2.158774999999999977e+01 1.461999999999999966e-01
3.103199999999999847e-01 2.145974999999999966e+01 1.579500000000000071e-01
3.107900000000000107e-01 2.181735000000000113e+01 1.384499999999999897e-01
3.115600000000000036e-01 2.174170000000000158e+01 1.082499999999999990e-01
3.126200000000000090e-01 2.163084999999999880e+01 1.429499999999999937e-01
3.135299999999999754e-01 2.182250000000000156e+01 1.494499999999999995e-01
3.143699999999999828e-01 2.136179999999999879e+01 1.370000000000000107e-01
3.146800000000000153e-01 2.182010000000000005e+01 1.572000000000000064e-01
3.148000000000000242e-01 2.190409999999999968e+01 1.248500000000000026e-01
3.155499999999999972e-01 2.171679999999999922e+01 1.535499999999999921e-01
3.157900000000000151e-01 2.193420000000000059e+01 1.522000000000000020e-01
3.177400000000000224e-01 2.183869999999999933e+01 1.521000000000000130e-01
3.181100000000000039e-01 2.181159999999999854e+01 1.246499999999999969e-01
3.184100000000000263e-01 2.208160000000000167e+01 2.108500000000000096e-01
3.189400000000000013e-01 2.166594999999999871e+01 1.566500000000000115e-01
3.200700000000000212e-01 2.169559999999999889e+01 1.358000000000000040e-01
3.209199999999999831e-01 2.201920000000000144e+01 1.549500000000000044e-01
3.209500000000000131e-01 2.171484999999999843e+01 1.244999999999999996e-01
3.221800000000000219e-01 2.154775000000000063e+01 1.402500000000000135e-01
3.245399999999999952e-01 2.179364999999999952e+01 1.022499999999999937e-01
3.252900000000000236e-01 2.190510000000000090e+01 1.809000000000000052e-01
3.253099999999999881e-01 2.196764999999999901e+01 1.410500000000000087e-01
3.255299999999999860e-01 2.191925000000000168e+01 1.383999999999999952e-01
3.260100000000000220e-01 2.167330000000000112e+01 1.464000000000000024e-01
3.275299999999999878e-01 2.180515000000000114e+01 1.385500000000000065e-01
3.283200000000000007e-01 2.197244999999999848e+01 1.815499999999999892e-01
3.284000000000000252e-01 2.213289999999999935e+01 1.657500000000000084e-01
3.284099999999999797e-01 2.166550000000000153e+01 1.724499999999999922e-01
3.289099999999999802e-01 2.221014999999999873e+01 2.095499999999999863e-01
3.294400000000000106e-01 2.165334999999999965e+01 1.429499999999999937e-01
3.301499999999999990e-01 2.193209999999999837e+01 1.589000000000000135e-01
3.305899999999999950e-01 2.199840000000000018e+01 1.152999999999999997e-01
3.306000000000000050e-01 2.198704999999999998e+01 1.561500000000000110e-01
3.306999999999999940e-01 2.182884999999999920e+01 1.481000000000000094e-01
3.308099999999999929e-01 2.177260000000000062e+01 1.559500000000000053e-01
3.309400000000000119e-01 2.178290000000000148e+01 1.068500000000000005e-01
3.309599999999999764e-01 2.203000000000000114e+01 1.905499999999999972e-01
3.315899999999999959e-01 2.176889999999999858e+01 1.401000000000000023e-01
3.317999999999999838e-01 2.175809999999999889e+01 1.200500000000000039e-01
3.329300000000000037e-01 2.205079999999999885e+01 1.437499999999999889e-01
3.339799999999999991e-01 2.193489999999999895e+01 1.592000000000000082e-01
3.349300000000000055e-01 2.174575000000000102e+01 1.129000000000000004e-01
3.374199999999999977e-01 2.174044999999999916e+01 1.460500000000000131e-01
3.374800000000000022e-01 2.187910000000000110e+01 1.662500000000000089e-01
3.375299999999999967e-01 2.191369999999999862e+01 1.065500000000000058e-01
3.382899999999999796e-01 2.191315000000000168e+01 1.509999999999999953e-01
3.384800000000000031e-01 2.188335000000000008e+01 1.390500000000000069e-01
3.385000000000000231e-01 2.178969999999999985e+01 1.617999999999999994e-01
3.405199999999999894e-01 2.194630000000000081e+01 1.055500000000000049e-01
3.409200000000000008e-01 2.188785000000000025e+01 1.484999999999999931e-01
3.416000000000000147e-01 2.188605000000000089e+01 1.692500000000000115e-01
3.454599999999999893e-01 2.195929999999999893e+01 1.625999999999999945e-01
3.459300000000000153e-01 2.211524999999999963e+01 1.110000000000000014e-01
3.468800000000000217e-01 2.223254999999999981e+01 2.533000000000000251e-01
3.470099999999999851e-01 2.179119999999999990e+01 1.404499999999999915e-01
3.487199999999999744e-01 2.211619999999999919e+01 1.331499999999999906e-01
3.490199999999999969e-01 2.198164999999999836e+01 1.223000000000000059e-01
3.492299999999999849e-01 2.185750000000000171e+01 1.157500000000000057e-01
3.493100000000000094e-01 2.202925000000000111e+01 1.380500000000000060e-01
3.495699999999999918e-01 2.173999999999999844e+01 1.199999999999999956e-01
3.507000000000000117e-01 2.196229999999999905e+01 1.072499999999999981e-01
3.509200000000000097e-01 2.200244999999999962e+01 1.282999999999999974e-01
3.515699999999999936e-01 2.222719999999999985e+01 1.136000000000000065e-01
3.516099999999999781e-01 2.205965000000000131e+01 1.158000000000000002e-01
3.530599999999999850e-01 2.181674999999999898e+01 1.514999999999999958e-01
3.536299999999999999e-01 2.214580000000000126e+01 1.455500000000000127e-01
3.552699999999999747e-01 2.223665000000000092e+01 1.130000000000000032e-01
3.558200000000000252e-01 2.205914999999999893e+01 1.264500000000000068e-01
3.583299999999999819e-01 2.196940000000000026e+01 1.142500000000000043e-01
3.585800000000000098e-01 2.195964999999999989e+01 1.185999999999999971e-01
3.590200000000000058e-01 2.219585000000000008e+01 1.342000000000000137e-01
3.600099999999999967e-01 2.192755000000000010e+01 1.335000000000000075e-01
3.602000000000000202e-01 2.187020000000000053e+01 1.603999999999999870e-01
3.608199999999999741e-01 2.216209999999999880e+01 1.421499999999999986e-01
3.613500000000000045e-01 2.190820000000000078e+01 2.036000000000000032e-01
3.616500000000000270e-01 2.217439999999999856e+01 1.645000000000000073e-01
3.649100000000000121e-01 2.220649999999999835e+01 1.423000000000000098e-01
3.661599999999999855e-01 2.188674999999999926e+01 1.841000000000000136e-01
3.664600000000000080e-01 2.200669999999999860e+01 1.242999999999999938e-01
3.678299999999999903e-01 2.199040000000000106e+01 1.234500000000000042e-01
3.679100000000000148e-01 2.224455000000000027e+01 1.019000000000000045e-01
3.692400000000000126e-01 2.226255000000000095e+01 1.432499999999999885e-01
3.693899999999999961e-01 2.204745000000000132e+01 1.557999999999999940e-01
3.700300000000000256e-01 2.246065000000000111e+01 1.635999999999999954e-01
3.701300000000000145e-01 2.210034999999999883e+01 1.358000000000000040e-01
3.704999999999999960e-01 2.215255000000000152e+01 1.043000000000000038e-01
3.705100000000000060e-01 2.179439999999999955e+01 1.137500000000000039e-01
3.705300000000000260e-01 2.204575000000000173e+01 1.129499999999999948e-01
3.705999999999999850e-01 2.214010000000000034e+01 1.210999999999999993e-01
3.708899999999999975e-01 2.213804999999999978e+01 2.637499999999999845e-01
3.714399999999999924e-01 2.228784999999999883e+01 1.244999999999999996e-01
3.714999999999999969e-01 2.220135000000000147e+01 1.074500000000000038e-01
3.716400000000000259e-01 2.212744999999999962e+01 1.064500000000000030e-01
3.734999999999999987e-01 2.211185000000000045e+01 1.039000000000000062e-01
3.738600000000000256e-01 2.230470000000000041e+01 8.540000000000000369e-02
3.785999999999999921e-01 2.221555000000000035e+01 1.463000000000000134e-01
3.794899999999999940e-01 2.213745000000000118e+01 1.395000000000000129e-01
3.799000000000000155e-01 2.218215000000000003e+01 1.305999999999999939e-01
3.800299999999999789e-01 2.203255000000000052e+01 1.506000000000000116e-01
3.805399999999999894e-01 2.215350000000000108e+01 1.307000000000000106e-01
3.808300000000000018e-01 2.220629999999999882e+01 1.381999999999999895e-01
3.816399999999999793e-01 2.252674999999999983e+01 1.408500000000000030e-01
3.817099999999999937e-01 2.231494999999999962e+01 1.429999999999999882e-01
3.824600000000000222e-01 2.218594999999999828e+01 1.824000000000000066e-01
3.844699999999999784e-01 2.240575000000000117e+01 1.494499999999999995e-01
3.859799999999999898e-01 2.228245000000000076e+01 1.260000000000000009e-01
3.873400000000000176e-01 2.229439999999999955e+01 1.852499999999999980e-01
3.877499999999999836e-01 2.238909999999999911e+01 1.588499999999999912e-01
3.888699999999999934e-01 2.211805000000000021e+01 1.409499999999999920e-01
3.926700000000000190e-01 2.218854999999999933e+01 1.587999999999999967e-01
4.004800000000000026e-01 2.226010000000000133e+01 1.150999999999999940e-01
4.007800000000000251e-01 2.216499999999999915e+01 1.348000000000000032e-01
4.007999999999999896e-01 2.230584999999999951e+01 1.602000000000000091e-01
4.021399999999999975e-01 2.225359999999999872e+01 1.489999999999999936e-01
4.045500000000000207e-01 2.244624999999999915e+01 1.074999999999999983e-01
4.047100000000000142e-01 2.212805000000000177e+01 1.536500000000000088e-01
4.054699999999999971e-01 2.256400000000000006e+01 1.104500000000000065e-01
4.092700000000000227e-01 2.248094999999999999e+01 1.904500000000000082e-01
4.094599999999999906e-01 2.245100000000000051e+01 1.089500000000000052e-01
4.099599999999999911e-01 2.246679999999999922e+01 2.054499999999999937e-01
4.113100000000000089e-01 2.258170000000000144e+01 1.538499999999999868e-01
4.115500000000000269e-01 2.260889999999999844e+01 1.288999999999999868e-01
4.166400000000000103e-01 2.251539999999999964e+01 1.175500000000000017e-01
4.186500000000000221e-01 2.238625000000000043e+01 1.151999999999999968e-01
4.192899999999999960e-01 2.245830000000000126e+01 1.490499999999999881e-01
4.193000000000000060e-01 2.216134999999999877e+01 1.519999999999999962e-01
4.195699999999999985e-01 2.259094999999999942e+01 1.209500000000000020e-01
4.202799999999999869e-01 2.249014999999999986e+01 2.331000000000000016e-01
4.208600000000000119e-01 2.247585000000000122e+01 1.624500000000000111e-01
4.224399999999999822e-01 2.235675000000000168e+01 1.192000000000000004e-01
4.235300000000000176e-01 2.259900000000000020e+01 2.655000000000000138e-01
4.235900000000000221e-01 2.237855000000000061e+01 1.424999999999999878e-01
4.269299999999999762e-01 2.255940000000000012e+01 1.627000000000000113e-01
4.269600000000000062e-01 2.261890000000000001e+01 1.529500000000000026e-01
4.278399999999999981e-01 2.303515000000000157e+01 1.706499999999999961e-01
4.286599999999999855e-01 2.275100000000000122e+01 1.293999999999999873e-01
4.288600000000000190e-01 2.247919999999999874e+01 1.471000000000000085e-01
4.296699999999999964e-01 2.275515000000000043e+01 1.527000000000000024e-01
4.301499999999999768e-01 2.254439999999999955e+01 1.254500000000000060e-01
4.348699999999999788e-01 2.256230000000000047e+01 1.145000000000000046e-01
4.354399999999999937e-01 2.236674999999999969e+01 1.089999999999999997e-01
4.367300000000000071e-01 2.284544999999999959e+01 1.418500000000000039e-01
4.388500000000000179e-01 2.246284999999999954e+01 1.918499999999999928e-01
4.392699999999999938e-01 2.256615000000000038e+01 1.320000000000000062e-01
4.400700000000000167e-01 2.285454999999999970e+01 1.692500000000000115e-01
4.405800000000000272e-01 2.242379999999999995e+01 1.369499999999999884e-01
4.425499999999999989e-01 2.267285000000000039e+01 1.136999999999999955e-01
4.436800000000000188e-01 2.257414999999999949e+01 1.348999999999999921e-01
4.475799999999999779e-01 2.259904999999999831e+01 1.524000000000000077e-01
4.495600000000000152e-01 2.278894999999999982e+01 1.413500000000000034e-01
4.505899999999999905e-01 2.245029999999999859e+01 1.315999999999999948e-01
4.506999999999999895e-01 2.265859999999999985e+01 1.547499999999999987e-01
4.515500000000000069e-01 2.241590000000000060e+01 1.251500000000000112e-01
4.516899999999999804e-01 2.236264999999999858e+01 1.376999999999999891e-01
4.517300000000000204e-01 2.272344999999999970e+01 1.246499999999999969e-01
4.603999999999999759e-01 2.280110000000000170e+01 1.472499999999999920e-01
4.610099999999999754e-01 2.275035000000000096e+01 1.643499999999999961e-01
4.612700000000000133e-01 2.262944999999999851e+01 1.377500000000000113e-01
4.615600000000000258e-01 2.276265000000000072e+01 1.111499999999999988e-01
4.663999999999999813e-01 2.321634999999999849e+01 1.587000000000000077e-01
4.666399999999999992e-01 2.278219999999999956e+01 1.164499999999999980e-01
4.683999999999999830e-01 2.273254999999999981e+01 1.178499999999999964e-01
4.703899999999999748e-01 2.310050000000000026e+01 1.409999999999999865e-01
4.705699999999999883e-01 2.280399999999999849e+01 1.221000000000000002e-01
4.705799999999999983e-01 2.265204999999999913e+01 1.292500000000000038e-01
4.717500000000000027e-01 2.270964999999999989e+01 1.499999999999999944e-01
4.757199999999999762e-01 2.269519999999999982e+01 1.089999999999999997e-01
4.779599999999999960e-01 2.292610000000000170e+01 1.648999999999999910e-01
4.794200000000000128e-01 2.261309999999999931e+01 1.463000000000000134e-01
4.803999999999999937e-01 2.268864999999999910e+01 1.722499999999999865e-01
4.805699999999999972e-01 2.277520000000000167e+01 1.150999999999999940e-01
4.807199999999999807e-01 2.274834999999999852e+01 1.137999999999999984e-01
4.817600000000000215e-01 2.301660000000000039e+01 1.541500000000000092e-01
4.888100000000000223e-01 2.286530000000000129e+01 1.136000000000000065e-01
4.948000000000000176e-01 2.288019999999999854e+01 1.176500000000000046e-01
4.973699999999999788e-01 2.292749999999999844e+01 1.322500000000000064e-01
5.007399999999999629e-01 2.305049999999999955e+01 1.359499999999999875e-01
5.009099999999999664e-01 2.297169999999999845e+01 1.963000000000000023e-01
5.027500000000000302e-01 2.289584999999999937e+01 2.085500000000000131e-01
5.027599999999999847e-01 2.281425000000000125e+01 2.081999999999999962e-01
5.030900000000000372e-01 2.293444999999999823e+01 1.260499999999999954e-01
5.071799999999999642e-01 2.299370000000000047e+01 1.403999999999999970e-01
5.073600000000000332e-01 2.297050000000000125e+01 1.252999999999999947e-01
5.081799999999999651e-01 2.277929999999999922e+01 1.413500000000000034e-01
5.100200000000000289e-01 2.284675000000000011e+01 1.181999999999999995e-01
5.109000000000000208e-01 2.282059999999999889e+01 1.730500000000000094e-01
5.117599999999999927e-01 2.311305000000000121e+01 1.165000000000000063e-01
5.138000000000000345e-01 2.312744999999999962e+01 1.328999999999999904e-01
5.143400000000000194e-01 2.298744999999999905e+01 1.172499999999999931e-01
5.147599999999999953e-01 2.318844999999999956e+01 1.355000000000000093e-01
5.155899999999999928e-01 2.302364999999999995e+01 1.761999999999999955e-01
5.187899999999999734e-01 2.295779999999999887e+01 1.517999999999999905e-01
5.194100000000000383e-01 2.297595000000000098e+01 1.960500000000000020e-01
5.196100000000000163e-01 2.303865000000000052e+01 1.089999999999999997e-01
5.227800000000000225e-01 2.315915000000000035e+01 1.416499999999999981e-01
5.285100000000000353e-01 2.284219999999999828e+01 1.431499999999999995e-01
5.327800000000000313e-01 2.305900000000000105e+01 1.138500000000000068e-01
5.337800000000000322e-01 2.293449999999999989e+01 1.665000000000000091e-01
5.343299999999999716e-01 2.292229999999999990e+01 1.288999999999999868e-01
5.353200000000000180e-01 2.306944999999999979e+01 1.108500000000000041e-01
5.357800000000000340e-01 2.298355000000000103e+01 1.265999999999999903e-01
5.453900000000000414e-01 2.334414999999999907e+01 1.461999999999999966e-01
5.483099999999999641e-01 2.289260000000000161e+01 1.438000000000000111e-01
5.501399999999999624e-01 2.313909999999999911e+01 1.435500000000000109e-01
5.503099999999999659e-01 2.316815000000000069e+01 1.248999999999999971e-01
5.525999999999999801e-01 2.298515000000000086e+01 1.342500000000000082e-01
5.538100000000000245e-01 2.328379999999999939e+01 1.242000000000000048e-01
5.577499999999999680e-01 2.324940000000000140e+01 1.348999999999999921e-01
5.587499999999999689e-01 2.360610000000000142e+01 1.516500000000000070e-01
5.627600000000000380e-01 2.324279999999999902e+01 1.175500000000000017e-01
5.647499999999999742e-01 2.328910000000000124e+01 1.359499999999999875e-01
5.758400000000000185e-01 2.338494999999999990e+01 1.384499999999999897e-01
5.761300000000000310e-01 2.323590000000000089e+01 1.451500000000000012e-01
5.766099999999999559e-01 2.324370000000000047e+01 1.228999999999999954e-01
5.782399999999999762e-01 2.328020000000000067e+01 1.623999999999999888e-01
5.782800000000000162e-01 2.323730000000000118e+01 1.389499999999999902e-01
5.787499999999999867e-01 2.322494999999999976e+01 1.206499999999999934e-01
5.796000000000000041e-01 2.317790000000000106e+01 1.197000000000000008e-01
5.806000000000000050e-01 2.336785000000000068e+01 1.607999999999999985e-01
5.807299999999999685e-01 2.352355000000000018e+01 1.371999999999999886e-01
5.829400000000000137e-01 2.334384999999999977e+01 1.257999999999999952e-01
5.832800000000000207e-01 2.360810000000000031e+01 1.295499999999999985e-01
5.837499999999999911e-01 2.346355000000000146e+01 1.402500000000000135e-01
5.857499999999999929e-01 2.356940000000000168e+01 1.416999999999999926e-01
5.872800000000000242e-01 2.344375000000000142e+01 1.405500000000000083e-01
5.887299999999999756e-01 2.330085000000000051e+01 1.300499999999999989e-01
5.902699999999999614e-01 2.333539999999999992e+01 1.665999999999999981e-01
5.918499999999999872e-01 2.324289999999999878e+01 1.262500000000000011e-01
6.006000000000000227e-01 2.340220000000000056e+01 1.545499999999999929e-01
6.032600000000000184e-01 2.358804999999999907e+01 1.428999999999999992e-01
6.082499999999999574e-01 2.337669999999999959e+01 1.265999999999999903e-01
6.098700000000000232e-01 2.354469999999999885e+01 1.486500000000000044e-01
6.106399999999999606e-01 2.347615000000000052e+01 1.328999999999999904e-01
6.112400000000000055e-01 2.373920000000000030e+01 1.592999999999999972e-01
6.157000000000000250e-01 2.356625000000000014e+01 1.433000000000000107e-01
6.199200000000000266e-01 2.348339999999999961e+01 1.155999999999999944e-01
6.206300000000000150e-01 2.351139999999999830e+01 1.131000000000000061e-01
6.218900000000000539e-01 2.341079999999999828e+01 1.628000000000000003e-01
6.252199999999999980e-01 2.346014999999999873e+01 1.302999999999999992e-01
6.272299999999999542e-01 2.341339999999999932e+01 1.380000000000000115e-01
6.305600000000000094e-01 2.331690000000000040e+01 1.179499999999999993e-01
6.307099999999999929e-01 2.340919999999999845e+01 1.431999999999999940e-01
6.319000000000000172e-01 2.316169999999999973e+01 1.770500000000000129e-01
6.322200000000000042e-01 2.366065000000000040e+01 2.044499999999999929e-01
6.377099999999999991e-01 2.337000000000000099e+01 2.328999999999999959e-01
6.382200000000000095e-01 2.349005000000000010e+01 1.839999999999999969e-01
6.419099999999999806e-01 2.362154999999999916e+01 1.658999999999999919e-01
6.436399999999999899e-01 2.360450000000000159e+01 2.013000000000000067e-01
6.476399999999999935e-01 2.362590000000000146e+01 1.612999999999999989e-01
6.486399999999999944e-01 2.353665000000000163e+01 1.590000000000000024e-01
6.620599999999999818e-01 2.374875000000000114e+01 1.795499999999999874e-01
6.646400000000000086e-01 2.363370000000000104e+01 1.610999999999999932e-01
6.706499999999999684e-01 2.378494999999999848e+01 1.774999999999999911e-01
6.776699999999999946e-01 2.403770000000000095e+01 2.056000000000000050e-01
6.819600000000000106e-01 2.359754999999999825e+01 1.484000000000000041e-01
6.836600000000000454e-01 2.394409999999999883e+01 2.904999999999999805e-01
6.851699999999999458e-01 2.384400000000000119e+01 2.326000000000000012e-01
6.886600000000000499e-01 2.361319999999999908e+01 1.517999999999999905e-01
6.906499999999999861e-01 2.375270000000000081e+01 1.837499999999999967e-01
6.931500000000000439e-01 2.379645000000000010e+01 2.444500000000000006e-01
6.971500000000000474e-01 2.378265000000000029e+01 1.619500000000000106e-01
6.981600000000000028e-01 2.379240000000000066e+01 2.170999999999999874e-01
6.991500000000000492e-01 2.377905000000000157e+01 1.563499999999999890e-01
6.991600000000000037e-01 2.388895000000000124e+01 1.728000000000000091e-01
6.999800000000000466e-01 2.395254999999999868e+01 2.152999999999999914e-01
7.006400000000000405e-01 2.374919999999999831e+01 1.738000000000000100e-01
7.011500000000000510e-01 2.390875000000000128e+01 1.804999999999999938e-01
7.019800000000000484e-01 2.371150000000000091e+01 2.625500000000000056e-01
7.156500000000000083e-01 2.384394999999999953e+01 1.942500000000000060e-01
7.186799999999999855e-01 2.368915000000000148e+01 1.509500000000000008e-01
7.196299999999999919e-01 2.382525000000000048e+01 2.056999999999999940e-01
7.201300000000000479e-01 2.402260000000000062e+01 1.933499999999999941e-01
7.206799999999999873e-01 2.387644999999999840e+01 2.028999999999999970e-01
7.266799999999999926e-01 2.390005000000000024e+01 1.628000000000000003e-01
7.276700000000000390e-01 2.386870000000000047e+01 1.978499999999999981e-01
7.301199999999999912e-01 2.376839999999999975e+01 1.911499999999999866e-01
7.336200000000000498e-01 2.384809999999999874e+01 1.557499999999999996e-01
7.340100000000000513e-01 2.404854999999999876e+01 2.405500000000000138e-01
7.349999999999999867e-01 2.370605000000000118e+01 1.340000000000000080e-01
7.350100000000000522e-01 2.409175000000000111e+01 1.782499999999999918e-01
7.356099999999999861e-01 2.406925000000000026e+01 1.920499999999999985e-01
7.360200000000000076e-01 2.402844999999999942e+01 2.107999999999999874e-01
7.366899999999999560e-01 2.377844999999999942e+01 1.398999999999999966e-01
7.399999999999999911e-01 2.384459999999999980e+01 1.260499999999999954e-01
7.420200000000000129e-01 2.426275000000000048e+01 2.151500000000000079e-01
7.427000000000000268e-01 2.392255000000000109e+01 1.988499999999999990e-01
7.456599999999999895e-01 2.400734999999999886e+01 1.527000000000000024e-01
7.461299999999999599e-01 2.380559999999999832e+01 1.646499999999999908e-01
7.490900000000000336e-01 2.381054999999999922e+01 1.827499999999999958e-01
7.506800000000000139e-01 2.376300000000000168e+01 1.915499999999999980e-01
7.566899999999999737e-01 2.403965000000000174e+01 1.582999999999999963e-01
7.590500000000000025e-01 2.405570000000000164e+01 1.516500000000000070e-01
7.607000000000000428e-01 2.392524999999999835e+01 1.499500000000000000e-01
7.610799999999999788e-01 2.405414999999999992e+01 1.603499999999999925e-01
7.615899999999999892e-01 2.397575000000000145e+01 1.544500000000000040e-01
7.655999999999999472e-01 2.410804999999999865e+01 1.549000000000000099e-01
7.665999999999999481e-01 2.424705000000000155e+01 1.592999999999999972e-01
7.666800000000000281e-01 2.423069999999999879e+01 1.806000000000000105e-01
7.670599999999999641e-01 2.438489999999999824e+01 1.785499999999999865e-01
7.685899999999999954e-01 2.420779999999999887e+01 1.688500000000000001e-01
7.730700000000000349e-01 2.417605000000000004e+01 1.762499999999999900e-01
7.765999999999999570e-01 2.409420000000000073e+01 1.783500000000000085e-01
7.880500000000000282e-01 2.410689999999999955e+01 1.381499999999999950e-01
7.890399999999999636e-01 2.421880000000000166e+01 1.158499999999999946e-01
7.965600000000000458e-01 2.385444999999999993e+01 1.587999999999999967e-01
7.985700000000000021e-01 2.436049999999999827e+01 1.743500000000000050e-01
8.006999999999999673e-01 2.382254999999999967e+01 1.605999999999999928e-01
8.056900000000000173e-01 2.409574999999999889e+01 1.554999999999999993e-01
8.060300000000000242e-01 2.425440000000000040e+01 1.837000000000000022e-01
8.080399999999999805e-01 2.455734999999999957e+01 1.634500000000000119e-01
8.090199999999999614e-01 2.420795000000000030e+01 1.668000000000000038e-01
8.107199999999999962e-01 2.407949999999999946e+01 1.705500000000000071e-01
8.136900000000000244e-01 2.426674999999999827e+01 1.410500000000000087e-01
8.177299999999999569e-01 2.434309999999999974e+01 1.208499999999999991e-01
8.221199999999999619e-01 2.416760000000000019e+01 1.852499999999999980e-01
8.226900000000000324e-01 2.433559999999999945e+01 1.462499999999999911e-01
8.285400000000000542e-01 2.439784999999999826e+01 1.526000000000000134e-01
8.369900000000000118e-01 2.430539999999999878e+01 1.426999999999999935e-01
8.381399999999999961e-01 2.415449999999999875e+01 1.806999999999999995e-01
8.399900000000000144e-01 2.402530000000000143e+01 1.517499999999999960e-01
8.405299999999999994e-01 2.422254999999999825e+01 1.456000000000000072e-01
8.421399999999999997e-01 2.432610000000000028e+01 1.857999999999999929e-01
8.479700000000000015e-01 2.431050000000000111e+01 1.697500000000000120e-01
8.485200000000000520e-01 2.433174999999999955e+01 1.485499999999999876e-01
8.507299999999999862e-01 2.431865000000000165e+01 1.303999999999999881e-01
8.529799999999999605e-01 2.430519999999999925e+01 1.507999999999999896e-01
8.539999999999999813e-01 2.431279999999999930e+01 2.145499999999999907e-01
8.585099999999999953e-01 2.444419999999999860e+01 1.653499999999999970e-01
8.585199999999999498e-01 2.454425000000000168e+01 1.784499999999999975e-01
8.639700000000000157e-01 2.439624999999999844e+01 1.528500000000000136e-01
8.645000000000000462e-01 2.436929999999999907e+01 1.462499999999999911e-01
8.665000000000000480e-01 2.434684999999999988e+01 1.738500000000000045e-01
8.721700000000000008e-01 2.434019999999999939e+01 1.332000000000000128e-01
8.779599999999999627e-01 2.442164999999999964e+01 1.432499999999999885e-01
8.907300000000000217e-01 2.418039999999999878e+01 1.408500000000000030e-01
8.931999999999999940e-01 2.457809999999999917e+01 1.577000000000000068e-01
8.969300000000000050e-01 2.440275000000000105e+01 1.664499999999999869e-01
9.017300000000000315e-01 2.451279999999999859e+01 1.511000000000000121e-01
9.107499999999999485e-01 2.461159999999999926e+01 1.636499999999999899e-01
9.134799999999999587e-01 2.437894999999999968e+01 1.373499999999999999e-01
9.222299999999999942e-01 2.435500000000000043e+01 1.708000000000000074e-01
9.222399999999999487e-01 2.457175000000000153e+01 1.872499999999999998e-01
9.249100000000000099e-01 2.474159999999999826e+01 1.922999999999999987e-01
9.262399999999999523e-01 2.476869999999999905e+01 1.093500000000000028e-01
9.278999999999999471e-01 2.477890000000000015e+01 1.829000000000000070e-01
9.318899999999999961e-01 2.454795000000000016e+01 1.523500000000000132e-01
9.322500000000000231e-01 2.470400000000000063e+01 2.101500000000000035e-01
9.338899999999999979e-01 2.476529999999999987e+01 2.008999999999999952e-01
9.350000000000000533e-01 2.426660000000000039e+01 1.658000000000000029e-01
9.367499999999999716e-01 2.447169999999999845e+01 1.405000000000000138e-01
9.468800000000000550e-01 2.441154999999999831e+01 1.642000000000000126e-01
9.484599999999999698e-01 2.466675000000000040e+01 1.510499999999999898e-01
9.507600000000000495e-01 2.468515000000000015e+01 1.448500000000000065e-01
9.588600000000000456e-01 2.480665000000000120e+01 1.724499999999999922e-01
9.607400000000000384e-01 2.480924999999999869e+01 1.425500000000000100e-01
9.607499999999999929e-01 2.457359999999999900e+01 1.577000000000000068e-01
9.699999999999999734e-01 2.511544999999999916e+01 2.617499999999999827e-01
9.751999999999999558e-01 2.470609999999999928e+01 1.398500000000000021e-01
9.832999999999999519e-01 2.478095000000000070e+01 1.429999999999999882e-01
9.834100000000000064e-01 2.482799999999999940e+01 1.529999999999999971e-01
9.837700000000000333e-01 2.492304999999999993e+01 1.439000000000000001e-01
9.963999999999999524e-01 2.469964999999999833e+01 1.408000000000000085e-01
9.978099999999999747e-01 2.461220000000000141e+01 9.529999999999999583e-02
1.002790000000000070e+00 2.507979999999999876e+01 1.913499999999999923e-01
1.014000000000000012e+00 2.485444999999999993e+01 2.290999999999999981e-01
1.020000000000000018e+00 2.488234999999999886e+01 1.656999999999999862e-01
1.028790000000000093e+00 2.472889999999999944e+01 1.601499999999999868e-01
1.060799999999999965e+00 2.468730000000000047e+01 1.641499999999999904e-01
1.092000000000000082e+00 2.463834999999999908e+01 2.640500000000000069e-01
1.120000000000000107e+00 2.506390000000000029e+01 1.648999999999999910e-01
1.205999999999999961e+00 2.573935000000000173e+01 3.351999999999999980e-01
1.229999999999999982e+00 2.528614999999999924e+01 1.915499999999999980e-01
1.300000000000000044e+00 2.552015000000000100e+01 1.787499999999999922e-01
1.304999999999999938e+00 2.526419999999999888e+01 2.349999999999999867e-01
1.314999999999999947e+00 2.554234999999999900e+01 1.986999999999999877e-01
1.330000000000000071e+00 2.560340000000000060e+01 1.484000000000000041e-01
1.340000000000000080e+00 2.546519999999999939e+01 1.632000000000000117e-01
1.370000000000000107e+00 2.551589999999999847e+01 1.622000000000000108e-01
1.389999999999999902e+00 2.536305000000000121e+01 2.012500000000000122e-01
1.540000000000000036e+00 2.590719999999999956e+01 2.106500000000000039e-01
1.550000000000000044e+00 2.600704999999999956e+01 1.856500000000000095e-01
1.699999999999999956e+00 2.605920000000000059e+01 2.832000000000000073e-01
1.800000000000000044e+00 2.620110000000000028e+01 1.879500000000000060e-01
1.913999999999999924e+00 2.616090000000000160e+01 2.559000000000000163e-01
2.259999999999999787e+00 2.687699999999999889e+01 2.548000000000000265e-01
